$ANSIBLE_VAULT;1.1;AES256
62386536316430366238383439343936356231363862333233626334333363343166326237613733
3532626433373863303163636663666662373766323764640a356137336539323864376539646531
63633938646336653465343035316661333566393135393732623036383234643531663739616633
3031653235343530610a386538313065376637646666313532323633323165353731343863383066
34333739623939636562313338666633626461323364336231353263313963366538373033643733
35366539386234323765346635366561393230313632306466383865666663633166316662663461
65646538633665313738666264613564656433383639376537376436386232363537626334646233
34303865333461393662363239316638666533373036303938323334666534633939396334333730
39363236366336376134396631613232363039383061643465653630333338343934643134326230
36656362303031373965646635623165663537316437666130386330613037386636626230376361
35386138353833616634643130316639386136653966653836633566323939336161323937643737
62356139633862656363666637343663306665323666633934326662613733343761336666656637
33376134653165343930613136393738346435373230376535336164396261306135656135346363
66666261353635366565323431363563323261316530343265323137353764356636333466363564
66313132306661633162383464616464626136343536313631376131316166643961326266366531
33313165663165666164636661613436303438313165633536643032616638313937313632326136
38373337303464613037333664313265383038666265346161663739633339643664393732373333
35303333353235343938313431363763626466396136343639313931396436616362666131303232
65633561623032333831623465633937373232353331323436346563376361613730376233643639
31396136666163656331633761393635613834643436666534636262336233623331373337366230
35353061373735396439383862613138346166316230326564386564326262666637653835316336
66666634633362383836343230343237643763313430313633333664343439643039346563333839
37376635363262653630356163313939333361633165353535633635643266376663373036383033
34356135393139363233323839633139366661376466633961636563653033353566353938666566
32306139653731316532353565336465373137643866663837623737613531366536653430626435
33323239373565643436393961663130393432353231633735626233383661313335643065393631
63393137396462306630663638643337356535616432343961613236663263643964346134356237
32626136356335646166343162346365363939356432323934393163393432316563613430316533
62373330353131626364663264613235333035653839386565633536383338313163313035633262
30656637303532373134323137363439393666663836656235663130393365333833373734613134
63323835616535353334366236653332646236326438366437653466616334383334383932663462
63646138613935663561303536646563356338383433353839623735376565383034646232386132
38623635623938306634616239396439386539383361303137353433333763613731643335643631
32626134336139376638313663373533383066376136306334323566363534633063323162313332
66336631326535333934336238303830383833623563353336666665663730313033613633663939
32653862633431316231363639663563386565616264316233303461303337626463383566363866
63633064313566353461333838656162386231366436373762646262616363306638616332353964
36353935653032633965376534336634396462633231333731663539356637326266656561636135
63623761336133356334336263663161366237323936353032363863646633623838393865386339
31363134333338336439666233333364386232383066663631353633313832356366333038663839
62613631313939623931333363326434636333306636646335653739323432306438613864333534
35306164386534356436613261383239343234646333396363383262633464313334363539306132
37633566376361356633313134656139373566363737613634376237646565363135386637326634
35303938346464323165396237313037666431333938626162653537633431363730633662663564
39353132313432313465373630636437353336333961656365356163366263386361303461396263
30366564303563313335626239663361303533613062613463396532666439336239343534626430
31323036363134666330393461363736353363353232363637303262386561653737383230396366
66656263373137366234313633643737646264303934383564396139363861323238646331383866
65393138643536306133633561393736313964376166393734633165326561376661333636346538
65383134343433646365666436623362626137303134363533643731623938623435356466383331
31623938633461393162666465336364366539633036656336323238383632323635306464613962
35303832376337356434333966616261396262356361313233393731313334303466356561613931
38643162356562316131313138623531613537366333653265356633333332333335353162393836
32353835643934353732356565343331313061326335326435386564666364363332336232623534
65653565623263646533373636363530333131653161393864393230306338643731643332323137
33336339326635333264373965626135613632613563643261623134323232616537373032633061
31353937646132386539343763313363376232376433343632336335363032343739643633353464
31336363346636333831613961333166303535633333346433613862356137623466643865663132
38386666313739636531303966663338653231363732626637316431393434393634616462306637
63363036323939383962663030643232343838663464396237303564323361656233623035643435
34643363356365323531343733623264373563616362353636633065306362616530643264343737
38323564353966373539666663373739303537653830323564316162336539376364363138383364
36643337303833343732326637613835396233353130633738303061643937626263323137353938
61333834636330383163653135303064613035363039336462376466663561383333633362663036
66666633343937663066343131663230376636346263633161396635643765623135383337353464
39396235366564366239373334653131383230653431336366383134623936626163633832653363
32313766383064386134343262623936613430343634646631316464393532643562616565663636
34306639633334316631373665636164343835383039353039373930303337636431613735303034
33313638353266363162376662303630373666633136653664386262633731303437366334353337
64393865323734353766653936353965653933353163373265353437383963343436356431393133
34333566363231383434333766356231316538353464376630626434353032636165343235323862
64323662663435643766623234376465396564633531616535656535353637343162383332383961
64633030383231383231383164653965666162353933356534343638623431323036623765356438
35366639646465383562323139396637363036346461303365386532363433376665633435313561
34643563656332666534306634376330653964363130363535356665663961366230356235383732
36313564353164383264333530393039623438393461316133643464326136323461396166636636
33343532643664383862316666333734333533383739613733616562633134306337366332303434
30626636616635626335346466356564633537396331326139393664313031646531646162336264
36663239356138643537343736316662393335363132636466663466313465666439643638656362
38313335616236316538316639333432326333646337326664653263666234646331666162383038
63396162636564663233336537656335316635613462636664356333633230393438643533656265
32373666623831313032643437303863353531303863373362383363656130623330323765323166
30366466636165323731343235306333366630653830303266633663366333656366656163383665
31613736636166663532396630306366323764333031303337336162643331313037386335623834
32633934313933653436633236653531363035336262626363663064376238396335326637376532
30643664323064363163373838356563333035313433396131393963633263633037323664666437
63623265316535323037316638316361373865376139306463373537393237393761663239343837
33303030636239633034323335366265643966653932646362306232373331303037646437363930
62383936396433633061333361656638616336303031623938386338323163323865303563393566
65363131636539353266393134633864643730363163643034386563333832653734653166656632
38656165643166343732326134666432373566373364653162356134313265333734363131306434
61383761316665643235393233343830346436623333353066353331356566303363633739333665
39613838623163316361363761656564666665343935383831653130653062326130336662636337
66383437613463613662633139306237656336373638633530326361326430353336666137326537
37376561393739386332646436343862366530623632373139393039363636353331396361636334
30313735316537393164323766663062333036663664383165383265613163323332363663316133
61613332386566653836636531323439376633343037626530303866326165376466386230333563
63616136626634633538363339653137376434353434613063613165396666323633366335303330
35623663663463396262333339623961393135333765383230626434363739336534383939613138
32623565663939376434656533613139306236666434643932663861653065623336303832393634
36316262616465636363383465663563316530366630383834636363333666376465396165386337
32363437396432303165616331633039326165613933396635353934373932353939313932333830
38626536353833393935303361623639656131636639316132666366336466653733633930386434
64656665363334326131373461383931386163313639323361643562303961666131346535376563
32353266613131396566663731393037303237643038313339343561363732636465336631643636
32343562393032326139336638303661363738313666326164613434616539386633366663303333
35663839653964356135613564376339363765343939343730643538333236306431353633373931
64343633323432393961333439376531323664636365646363323231656334623538643635633632
35396535346638616163343864343964653963643834313563643339373235343731656664343536
61313931313635643666313338393666306638356534343332626132663537336465626461666362
39393931306238646465363932646466383561306433343765343737343235393565643132316566
30653762613638646434653634313363373836633565333632623535313233663564313036313839
30636133663335316634663532373836623464653337626631306362313738306334663234333732
66636164383066313735383864663639303035643365373465646535633761313334343664326339
66353130633763303362313837323234316439323861323638303334663133393763393666313832
30393132353234616238323439386430323134633738643330643130663138323435636337383565
65336633623532343566336563356636656361353935616237326232623563303466373363343962
35653830353232656562393364373765386235326462633365373032393861613935323937613231
35396361306339643962633030323631656430333664346537653631386332393436393862353461
65366264613937363135633330333836306233666133653737396438656633373038383534363163
38643934326362393064346365643832643862613631356636643935366337333535653738373363
61383235366439633362393336633962613937633633616637643134663363626265643165303164
35323339346135396537356566376539636364373530366564306431666633316463303763613431
36626431343039393661613635643737386331353336383739663637633038643466333338333064
62616661313463666636353566383639626236363562363630363937626437313433333263333032
35323465313065373630396364623964356530663433323764386639646166653966643135333866
39396435326433396166346437336330393564653363386235666334316263653534613234653433
34343037313831626466383831376131386132663838343633326564353934383630383463373737
30653734356162633366333332343239313835646136333665616262396436653337633735323864
30343661653534336330363536653232383466653931336536383131643736633232336163346663
62643032616265623665313630643436343661636239383631393235613662393632636432313637
37666235356232353337333564386238323962333562626664386462323932326532636466656632
33313064613136353835663536633064613731663237653431303564626538366363393636613231
66336233613565643333616139656530353062356435373430653733356332313038316637333964
30343962313532636531613936333037353431643831336531306435343739396564663836626362
64373739316665306162393932383837313338306334356262633562366336333262666463636239
66346361373338386432633739333733363630613366386239376330333865653863373863326262
36333765336466323934633564666234303536613538326362636133326338393339643066373961
61343362366435623162346661643166383535303933653234653833313936643963386564623134
38323361376330653363616531333464323865343230313833333638663033306534386462636137
62646165396565643464663931383065383236663937373366346330663135306133313337313136
32383537323762393535303938383431346639613632333361313264393063326663313566326430
36303934663465353639633437376438636630363764353866623336666136343966646337643161
39623637356134326466616664306266316561393432393836663738356634373661666635353838
38643133656433313066333762663432313534323736346163386165666436623962323436313361
31643462633264613039376133653232656264333438316365646663393066316163616161653366
30303966313063353165363561386537373036646138663039336566633962393663646134376233
36323834393537333836396334623663343232336538343065656462323532333334613839303562
35386431373336626231373437396136376662336361633338353737643533626236343165646265
64373862366637366137623630653937356133326264356138373333316630626131303562393461
65626364653136653464363433636365356264346663633331393066353839396533636466383433
36373965346165643766356665643333656236336363663361306465313165623432616239343837
32383364316662613265623166346636623533366134373435366662613734393363313864653565
64333561626164383337623261303334313861363131353531666438383038626234323232346566
37316438663739306339636231336437396135666164663365613532613163663432316538306330
66316164343066343234356361363933323865613066333536636131383933396461653530316132
39363261393932616132663364386561643834656237396134653336613161333737373939643666
38343465613036616134303733383961336466306136623032393964306639653462303161613739
34633961353865626461323464303032633537303664383038396437643137306466653031393433
33303333323663323533663538303165326136356462373039393061393635613438333230393636
61613235646263366162323530326232623533303361323631616361306263393537303064353066
3533323762666333613939626362613164313061333831356630
